y =

   0.563988
   0.896210
   0.577763
   0.611897
   0.445317
   0.637535
   0.176991
   0.602992
   0.506592
   0.373758
   0.549790
   0.040995
   0.717581
   0.316120
   0.842471
   0.404116
   0.772819
   0.099182
   0.928564
   0.664446

